15,61,32,33,87,17,56,73,27,83,0,18,43,8,86,37,40,6,93,25,14,68,64,57,39,46,55,13,21,72,51,81,78,79,52,65,36,92,97,28,9,24,22,69,70,42,3,4,63,50,91,16,41,94,77,85,49,12,76,67,11,62,99,54,95,1,74,34,88,89,82,48,84,98,58,44,5,53,7,19,29,30,35,26,31,10,60,59,80,71,45,38,20,66,47,2,23,96,90,75

26 68  3 95 59
40 88 50 22 48
75 67  8 64  6
29  2 73 78  5
49 25 80 89 96

57 26 21 56 70
38 48 78 40 54
82 71 22 24  4
16  9 65 42 79
43 94 39 12 67

33 77 59 37 42
80 64 61 73 79
15 41 58 45 93
86  2 92 57 83
20 24 17 13 23
